	id	baseMean	log2FoldChange	lfcSE	stat	pvalue	padj
gene-YER062C	gene-YER062C	16729.87589381	7.89995285793729	0.408404079816733	19.3434719395612	2.31360768705917e-83	1.34466878771879e-79
gene-YDR536W	gene-YDR536W	10088.3875658594	7.87425693864776	0.411570713538514	19.1322090703398	1.36179332362398e-81	3.95737139845127e-78
gene-YHR094C	gene-YHR094C	8495.18381695328	7.88162386796486	0.432048964755188	18.242432017933	2.37645425885381e-74	4.60398405081945e-71
gene-YNL065W	gene-YNL065W	2109.59251633768	7.78535627383002	0.466922898693211	16.6737512673272	2.03418020907111e-62	2.95566384378032e-59
gene-YKL120W	gene-YKL120W	1727.16576088197	7.26932832013166	0.482440487924752	15.0678239121288	2.63654940119681e-51	3.06472502395117e-48
gene-YLR264W	gene-YLR264W	1387.81187716781	6.48318041175779	0.432159664434151	15.0018174885584	7.1436081556336e-51	6.91977510009041e-48
gene-YGR159C	gene-YGR159C	8021.26313257396	6.76742031702058	0.451849110924083	14.9771686021036	1.0353476882523e-50	7.52180095515297e-48
gene-YJL122W	gene-YJL122W	1291.14917225209	6.51163388594864	0.434559385928806	14.9844511401612	9.27889243697865e-51	7.52180095515297e-48
gene-YNL112W	gene-YNL112W	5328.97759833763	7.36398330856714	0.493558825828759	14.9201734893544	2.43639096929032e-50	1.57336714594615e-47
gene-YOR271C	gene-YOR271C	1052.36038007439	6.84435921025407	0.472758769804096	14.4774875632455	1.68131235248946e-47	9.77178739266877e-45
gene-YJL108C	gene-YJL108C	955.200371924124	5.9960877951944	0.427990460917207	14.0098631692502	1.35666108304262e-44	7.16810383149428e-42
gene-YJL107C	gene-YJL107C	845.32657171764	6.17172279359244	0.443100681480973	13.9284886066181	4.25259444073984e-44	2.05967324079833e-41
gene-YOR360C	gene-YOR360C	1923.1949752374	5.65887628680125	0.406989007932208	13.9042484600563	5.96905348826805e-44	2.66862606721645e-41
gene-YOL124C	gene-YOL124C	594.101731156924	7.80433114473471	0.562817908622058	13.8665295207858	1.01048902479961e-43	4.19497300866811e-41
gene-YOL136C	gene-YOL136C	1160.43896362789	5.70730204428536	0.416379937160383	13.7069573601645	9.22456996928713e-43	3.57421337743312e-40
gene-YER127W	gene-YER127W	730.701936765397	5.98033085789404	0.441273302921437	13.5524420315062	7.66374597935815e-42	2.78385572700185e-39
gene-YLR180W	gene-YLR180W	1930.66985394137	6.78031215715708	0.503972362152039	13.4537380744533	2.92693534652667e-41	1.00066754317723e-38
gene-YCR072C	gene-YCR072C	701.05391549194	5.89494299728356	0.439050752784674	13.4265639220408	4.22568215433816e-41	1.36442581561185e-38
gene-YNL141W	gene-YNL141W	2900.84297940906	6.47313923692779	0.482296612777607	13.4214901482475	4.5252148657193e-41	1.38423941050319e-38
gene-YML043C	gene-YML043C	522.191508267393	6.4139852489214	0.481894328157791	13.309941358806	2.02640723494483e-40	5.88873942474968e-38
gene-YMR300C	gene-YMR300C	1596.52769738779	5.82196315075599	0.439575482692073	13.2445128993564	4.85421015429036e-40	1.34346044841598e-37
gene-YEL026W	gene-YEL026W	2038.49812483679	5.36791764947263	0.409763477773579	13.1000392681135	3.29087355220775e-39	8.69388958428703e-37
gene-YOR359W	gene-YOR359W	477.945924501065	6.35696661366003	0.486217756925391	13.0743201438353	4.61673044343755e-39	1.16662771031561e-36
gene-YHR066W	gene-YHR066W	1305.51878097384	5.58287922317847	0.428109064226108	13.0407872425468	7.17127330051884e-39	1.73664335094231e-36
gene-YGR079W	gene-YGR079W	1514.38027562165	5.32835399598833	0.40928062603036	13.0188278093405	9.56276053702422e-39	2.22315056964739e-36
gene-YIR012W	gene-YIR012W	1539.3778135534	5.33199982733373	0.41462408456094	12.8598410605596	7.5732228866672e-38	1.69290659297345e-35
gene-YOL041C	gene-YOL041C	1901.43930080129	5.68972191443695	0.443825658366024	12.8197228059866	1.27154283566498e-37	2.63935962888746e-35
gene-YJL148W	gene-YJL148W	1277.94006288366	5.22651322499338	0.407676900491561	12.8202339124229	1.26318868182856e-37	2.63935962888746e-35
gene-YLR327C	gene-YLR327C	14476.813845805	-5.02497589252694	0.392678159984802	-12.7966778002663	1.71116425082922e-37	3.42940918131705e-35
gene-YOL151W	gene-YOL151W	10482.8528490074	5.98037302612435	0.470039012063553	12.723141851289	4.39813423874508e-37	8.52065206519546e-35
gene-YBL028C	gene-YBL028C	858.086555634266	5.39167649260215	0.424119500498388	12.712635203678	5.03100117885488e-37	9.43231575854986e-35
gene-YOL080C	gene-YOL080C	383.022529413626	6.25206670886751	0.492059850567311	12.7059070185452	5.4829998326364e-37	9.95849844602586e-35
gene-YDL063C	gene-YDL063C	1078.81969040012	5.56272406433339	0.439076057430193	12.669158270416	8.76498526750586e-37	1.5436998295377e-34
gene-YML018C	gene-YML018C	802.136865039722	5.83720828418179	0.461165482631987	12.6575134176725	1.01668859564929e-36	1.73793944644519e-34
gene-YHR196W	gene-YHR196W	1195.97280606714	5.15826105743646	0.408087990508169	12.6400707137036	1.2693973818085e-36	2.10792502373458e-34
gene-YNR060W	gene-YNR060W	1990.41838829143	6.43185922202502	0.511052258525415	12.5855215679575	2.53661803734793e-36	4.09522889807394e-34
gene-YPL212C	gene-YPL212C	1385.38382215345	5.22745302480147	0.418701382182224	12.4849194372289	9.02346274655249e-36	1.41741528332333e-33
gene-YBL039C	gene-YBL039C	2044.41578406199	6.18479338271991	0.496510753246939	12.4565144707831	1.28881436924939e-35	1.97120766159932e-33
gene-YLR264C-A	gene-YLR264C-A	400.248635981582	6.38284723747451	0.513761955166445	12.4237444467967	1.94252227464958e-35	2.8948562718624e-33
gene-YJR063W	gene-YJR063W	779.813087802612	5.28313891849568	0.425401745708524	12.4191754542436	2.05670263620469e-35	2.98838893040541e-33
gene-YDR037W	gene-YDR037W	4853.79395847213	5.21348113390572	0.423782358624674	12.3022608841608	8.80738669057006e-35	1.24850076696569e-32
gene-YNL182C	gene-YNL182C	617.684630765346	5.51250066732519	0.453063536173128	12.1671691213276	4.64928684161783e-34	6.43372741035306e-32
gene-YDR449C	gene-YDR449C	839.750805240849	5.17949173691496	0.427101561298562	12.1270728235392	7.59147581673932e-34	1.02608505690439e-31
gene-YMR093W	gene-YMR093W	864.330009172749	5.18753148030659	0.429616202860649	12.074804082725	1.43505627294591e-33	1.89557887690037e-31
gene-YLR224W	gene-YLR224W	721.5466455588	5.09717943420429	0.422221596117067	12.0722849827677	1.47967786553284e-33	1.91108616766153e-31
gene-YJL069C	gene-YJL069C	727.916760733359	5.18254207382685	0.430622219678302	12.0350084993257	2.32610069369007e-33	2.93897765907102e-31
gene-YKR097W	gene-YKR097W	21617.210237944	-4.70702265033623	0.39281637202517	-11.9827557748398	4.37533452850438e-33	5.41052005950372e-31
gene-YBR105C	gene-YBR105C	2415.01360891287	4.91950199331661	0.415084786988521	11.8518002767773	2.10616806288051e-32	2.55021849613782e-30
gene-YNL248C	gene-YNL248C	1315.18220278787	5.28812159350006	0.448580088919743	11.7885785038626	4.47022266207771e-32	5.30223145142769e-30
